0
0
2
-999999999
-999999999
2
1000000005
1000000003
1000000001
1000000001
0
2
2
1000000005
4
4
2000000006
1000000003
1000000007
1000000007
-999999997
1000000001
3000000015
-1999999990
4000000006
3000000007
0
8
4
2000000018
2000000002
3000000005
5000000011
2000000010
-1999999998
5000000009
5000000005
-1999999988
-1999999998
2000000030
2000000024
12
5000000033
-1999999988
0
8000000014
4000000008
1000000001
1000000007
1000000021
4000000006
4000000034
2000000024
1000000025
5000000011
8
3000000005
-999999969
22
2000000012
4000000008
-999999999
38
2000000020
6000000036
2000000008
4
32
-1999999994
5000000011
2000000038
12000000032
5000000043
-999999997
5000000025
6000000046
9000000043
1000000009
5000000037
3000000009
-2999999985
-3999999980
3000000043
8000000012
5000000051
1000000035
3000000021
-999999975
3000000003
7000000033
3000000011
16000000068
4
6000000042
13000000037
2000000002
2000000018
6000000024
5000000039
-1999999996
7000000019
8000000038
5000000047
9000000013
-1999999978
7000000013
5000000017
10000000022
-1999999976
16000000072
10000000056
7000000055
9000000031
14000000072
8000000032
13000000029
4000000042
2
3000000005
1000000011
2000000002
13000000045
9000000025
17000000091
12000000068
10000000060
2000000002
2000000040
1000000015
11000000091
-999999971
10000000038
6000000070
5000000047
4000000054
-2999999973
5000000029
14000000056
9000000093
-1999999980
1000000041
2000000008
7000000033
4000000052
3000000093
11000000045
7000000047
1000000025
5000000005
-999999937
2000000014
5000000043
11000000113
5000000007
1000000033
12000000100
3000000035
9000000069
7000000089
4000000030
8000000084
8000000016
1000000021
-3999999980
9000000049
13000000097
2000000008
8000000048
9000000067
1000000057
